1 1 1 1 1 1 1 1 1 1 1 1 1 1 1 1 1 1 1 1 1 1 1 1 1 1 1 1 
1 0 0 0 0 7 0 0 0 0 1 0 0 1 0 0 1 0 0 0 0 0 0 0 7 0 0 1 
1 0 1 1 1 1 1 1 1 0 1 0 0 1 5 0 1 0 1 1 1 1 0 1 0 1 0 1 
1 3 0 0 1 0 0 0 1 0 1 0 1 1 1 0 1 0 0 0 0 0 0 1 3 1 0 1 
1 0 1 0 0 0 1 3 0 0 1 0 0 0 0 0 1 1 1 0 1 1 0 1 0 0 0 1 
1 0 1 0 1 0 1 0 1 1 1 1 1 1 1 0 1 0 0 0 1 1 0 1 0 1 0 1 
1 0 1 0 1 0 1 0 0 0 0 0 0 0 0 0 0 0 1 0 0 0 0 0 0 0 0 1 
1 0 1 0 1 0 0 0 1 0 1 1 1 1 1 1 1 0 1 0 1 1 1 1 1 0 1 1 
0 5 0 0 0 0 1 0 1 0 1 6 6 1 6 6 1 0 1 0 0 0 0 0 1 0 0 0 
1 1 1 1 0 1 1 0 1 0 1 1 1 1 1 1 1 0 1 1 1 1 1 0 0 0 1 1 
1 0 0 0 0 0 0 0 0 0 0 0 0 9 4 4 4 4 4 4 4 4 1 1 1 0 0 1 
1 0 1 1 0 1 1 1 1 1 0 1 0 1 1 1 1 1 1 1 1 4 0 0 0 1 0 1 
1 0 0 1 0 0 0 0 0 0 0 1 0 1 0 0 0 0 0 0 1 4 1 1 0 0 0 1 
1 1 0 0 5 1 1 0 1 1 0 0 0 1 0 1 0 1 1 0 1 4 1 1 1 1 0 1 
1 0 3 1 0 0 0 0 1 1 0 1 0 1 0 1 0 1 1 0 1 4 4 4 4 4 0 1 
1 0 1 1 1 1 1 0 1 1 0 1 0 1 0 1 0 1 1 0 1 1 4 1 1 4 1 1 
1 0 0 0 0 0 0 3 0 0 0 1 0 0 0 1 0 0 0 0 0 0 4 4 4 4 1 1 
1 1 1 1 1 1 1 1 1 1 1 1 1 1 1 1 1 1 1 1 1 1 1 1 1 1 1 1 
128.000000 600.000000 800.000000 180.000000 4.000000 5.000000 1000000000000000.000000
0 0 0 0 1
0 0 0 0 5 0
12 4 34 3 0 2 16 4
225 5 0 2 0 1 1
480 360 512 360 576 360 608 360 576 300
2 2
576 202
0 0 1 0 
0 0 1 0 
0 0 1 1 
d
256 188
0 0 0 1 
0 1 0 1 
0 1 0 1 
u
954 180
1 0 0 0 
1 0 0 0 
1 0 0 0 
l
960 520
0 0 1 0 
0 0 1 0 
0 0 1 1 
d
