1 1 1 1 1 1 1 1 1 1 1 1 1 1 1 1 1 1 1 1 1 1 1 1 1 1 1 1 
1 0 0 0 0 7 0 0 0 0 1 0 0 1 0 0 1 0 0 0 0 0 0 0 7 0 0 1 
1 0 1 1 1 1 1 1 1 0 1 0 0 1 5 0 1 0 1 1 1 1 0 1 0 1 0 1 
1 3 0 0 1 0 0 0 1 0 1 0 1 1 1 0 1 0 0 0 0 0 0 1 3 1 0 1 
1 0 1 0 0 0 1 3 0 0 1 0 0 0 0 0 1 1 1 0 1 1 0 1 0 0 0 1 
1 0 1 0 1 0 1 0 1 1 1 1 1 1 1 0 1 0 0 0 1 1 0 1 0 1 0 1 
1 0 1 0 1 0 1 0 0 0 0 0 0 0 0 0 0 0 1 0 0 0 0 0 0 0 0 1 
1 0 1 0 1 0 0 0 1 0 1 1 2 1 1 1 1 0 1 0 1 1 1 1 1 0 1 1 
0 5 0 0 0 0 1 0 1 0 2 6 6 1 6 6 2 0 1 0 0 0 0 0 1 0 0 0 
1 1 1 1 0 1 1 0 1 0 1 1 1 1 2 1 1 0 1 1 1 1 1 0 0 0 1 1 
1 0 0 0 0 0 0 0 0 0 0 0 0 0 0 0 0 0 0 0 0 0 1 1 1 0 0 1 
1 0 1 1 0 1 1 1 1 1 0 1 0 1 1 1 1 1 1 1 1 0 0 0 0 1 0 1 
1 0 0 1 0 0 0 0 0 0 0 1 0 1 0 0 0 0 0 0 1 0 1 1 0 0 0 1 
1 1 0 0 5 1 1 0 1 1 0 0 0 1 0 1 0 1 1 0 1 0 1 1 1 1 0 1 
1 0 3 1 0 0 0 0 1 1 0 1 0 1 0 1 0 1 1 0 1 0 0 0 0 0 0 1 
1 0 1 1 1 1 1 0 1 1 0 1 0 1 0 1 0 1 1 0 1 1 0 1 1 0 1 1 
1 0 0 0 0 0 0 3 0 0 0 1 0 0 0 1 0 0 0 0 0 0 0 3 0 0 1 1 
1 1 1 1 1 1 1 1 1 1 1 1 1 1 1 1 1 1 1 1 1 1 1 1 1 1 1 1 
128.000000 600.000000 576.000000 300.000000 4.000000 5.000000 1000000000000000.000000
1 0 0 0 0
1 0 0 0 0 0
0 0 0 3 0 0 0 4
247 0 0 2 0 0 0
480 360 512 360 576 360 608 360 576 300
4 3
480 360
0 1 0 0 
0 0 0 0 
0 0 0 0 
l
512 360
0 0 1 0 
0 0 0 0 
0 0 0 0 
u
576 360
0 0 0 1 
0 0 0 0 
0 0 0 0 
d
608 360
1 0 0 0 
0 0 0 0 
0 0 0 0 
r
